v.1.00=
Code=
MaxDrawDown=50.00000000
Risk=0.30000000
Lot=0.01000000
Multiplier=1.40000000
TradeDelay=0.25000000
TradeOffset=20.00000000
MaxTrades=8
BreakEvenTrade=2
GridKoeff=0.50000000
Magic=78965148
